-0.5,-0.5,-0.5,
-0.5, 0.5,-0.5,
 0.5, 0.5,-0.5,
 0.5,-0.5,-0.5,
-0.5,-0.5, 0.5,
-0.5, 0.5, 0.5,
 0.5, 0.5, 0.5,
 0.5,-0.5, 0.5,

36 tuples
4,0,0
7,0,1
5,0,2
6,0,3
5,0,2
7,0,1
7,1,1
4,1,4
3,1,5
0,1,6
3,1,5
4,1,4
6,2,3
7,2,1
2,2,7
3,2,5
2,2,7
7,2,1
5,3,8
6,3,3
1,3,9
2,3,7
1,3,9
6,3,3
4,4,10
5,4,8
0,4,11
1,4,9
0,4,11
5,4,8
0,5,12
1,5,13
3,5,5
2,5,7
3,5,5
1,5,13


-0.5,-0.5,0.5,
0.5,-0.5,0.5,
-0.5,0.5,0.5,
0.5,0.5,0.5,
0.5,-0.5,0.5,
-0.5,-0.5,0.5,
0.5,-0.5,-0.5,
-0.5,-0.5,-0.5,
0.5,0.5,0.5,
0.5,-0.5,0.5,
0.5,0.5,-0.5,
0.5,-0.5,-0.5,
-0.5,0.5,0.5,
0.5,0.5,0.5,
-0.5,0.5,-0.5,
0.5,0.5,-0.5,
-0.5,-0.5,0.5,
-0.5,0.5,0.5,
-0.5,-0.5,-0.5,
-0.5,0.5,-0.5,
-0.5,-0.5,-0.5,
-0.5,0.5,-0.5,
0.5,-0.5,-0.5,
0.5,0.5,-0.5
